   5.5714286e-01
   5.5714286e-01
   5.5714286e-01
   5.5714286e-01
   5.5714286e-01
   5.5714286e-01
   5.5714286e-01
   5.5714286e-01
   5.5714286e-01
   5.5714286e-01
   5.5714286e-01
   5.5714286e-01
   5.5714286e-01
   5.5714286e-01
   5.5714286e-01
   5.5714286e-01
   5.5714286e-01
   5.5714286e-01
   5.5714286e-01
   5.5714286e-01
   2.8571429e-01
   2.8571429e-01
   2.8571429e-01
   2.8571429e-01
   2.8571429e-01
   2.8571429e-01
   4.1428571e-01
   4.1428571e-01
   4.1428571e-01
   4.1428571e-01
   4.1428571e-01
   4.1428571e-01
   2.1428571e-01
   2.1428571e-01
   2.1428571e-01
   1.0000000e+00
   1.0000000e+00
   1.0000000e+00
   1.0000000e+00
   1.0000000e+00
   1.0000000e+00
   1.0000000e+00
   1.0000000e+00
   1.0000000e+00
   1.0000000e+00
   2.0000000e-01
   2.0000000e-01
   2.0000000e-01
   2.0000000e-01
   2.7142857e-01
   2.9142857e-01
   3.1142857e-01
   3.3142857e-01
   3.5142857e-01
   3.7142857e-01
   3.5142857e-01
   3.3142857e-01
   3.1142857e-01
   2.9142857e-01
   2.7142857e-01
   2.7142857e-01
   2.7142857e-01
   2.7142857e-01
   2.7142857e-01
   4.1428571e-01
   4.4761905e-01
   4.8095238e-01
   5.1428571e-01
   5.1428571e-01
   5.1428571e-01
   5.1428571e-01
   5.1428571e-01
   5.1428571e-01
   5.1428571e-01
   5.1428571e-01
   5.1428571e-01
   5.1428571e-01
   5.1428571e-01
   5.1428571e-01
   5.1428571e-01
   5.1428571e-01
   5.1428571e-01
   5.1428571e-01
   5.1428571e-01
   4.8095238e-01
   4.4761905e-01
   3.5714286e-01
   3.5714286e-01
   4.7142857e-01
   4.7142857e-01
   4.7142857e-01
   4.7142857e-01
   4.7142857e-01
   4.7142857e-01
   4.7142857e-01
   6.2857143e-01
   6.5714286e-01
   6.8571429e-01
   7.1428571e-01
   7.4285714e-01
   7.7142857e-01
   7.4285714e-01
   7.1428571e-01
   6.8571429e-01
   6.5714286e-01
   7.0000000e-01
   7.0000000e-01
   7.0000000e-01
   7.0000000e-01
   7.0000000e-01
   7.0000000e-01
   7.0000000e-01
   9.4285714e-01
   9.4285714e-01
   9.4285714e-01
   9.4285714e-01
   9.4285714e-01
   9.4285714e-01
   9.4285714e-01
   9.4285714e-01
   9.4285714e-01
   9.4285714e-01
   9.4285714e-01
   9.4285714e-01
   9.4285714e-01
   9.4285714e-01
   9.4285714e-01
   9.4285714e-01
