   1.6235871e-04
   1.6493666e-04
   1.6758877e-04
   1.7031843e-04
   1.7312921e-04
   1.7602489e-04
   1.7900952e-04
   1.8208738e-04
   1.8526304e-04
   1.8854135e-04
   1.9192750e-04
   1.9542701e-04
   1.9904577e-04
   2.0279009e-04
   2.0666672e-04
   2.1068285e-04
   2.1484623e-04
   2.1916513e-04
   2.2364845e-04
   2.2830574e-04
   2.3314727e-04
   2.3818409e-04
   2.4342813e-04
   2.4889222e-04
   2.5459024e-04
   2.6053718e-04
   2.6674927e-04
   2.7324407e-04
   2.8004064e-04
   2.8715968e-04
   2.9462368e-04
   3.0245712e-04
   3.1068669e-04
   3.1934149e-04
   3.2845334e-04
   3.3805704e-04
   3.4819073e-04
   3.5889626e-04
   3.7021961e-04
   3.8221137e-04
   3.9492733e-04
   4.0842905e-04
   4.2278464e-04
   4.3806952e-04
   4.5436737e-04
   4.7177124e-04
   4.9038472e-04
   5.1032343e-04
   5.3171661e-04
   5.5470905e-04
   5.7946329e-04
   6.0616222e-04
   6.3501204e-04
   6.6624582e-04
   7.0012760e-04
   7.3695729e-04
   7.7707638e-04
   8.2087480e-04
   8.6879900e-04
   9.2136162e-04
   9.7915311e-04
   1.0428557e-03
   1.1132601e-03
   1.1912862e-03
   1.2780076e-03
   1.3746822e-03
   1.4827896e-03
   1.6040772e-03
   1.7406176e-03
   1.8948800e-03
   2.0698202e-03
   2.2689941e-03
   2.4967019e-03
   2.7581725e-03
   3.0598018e-03
   3.4094611e-03
   3.8169016e-03
   4.2942876e-03
   4.8569071e-03
   5.5241260e-03
   6.3206852e-03
   7.2784804e-03
   8.4390350e-03
   9.8569778e-03
   1.1605003e-02
   1.3781044e-02
   1.6518829e-02
   2.0003663e-02
   2.4496502e-02
   3.0371448e-02
   3.8175509e-02
   4.8726352e-02
   6.3276871e-02
   8.3801426e-02
   1.1351242e-01
   1.5783286e-01
   2.2631954e-01
   3.3669066e-01
   5.2385847e-01
   8.6193730e-01
   1.5236744e+00
   2.9634683e+00
   2.5708821e+00
   1.3513409e+00
   7.7765641e-01
   4.7960892e-01
   3.1261522e-01
   2.1336622e-01
   1.5156324e-01
   1.1163916e-01
   8.5121235e-02
   6.7176446e-02
   5.4943141e-02
   4.6680673e-02
   4.1316666e-02
   3.8198400e-02
   3.6954910e-02
   3.7423380e-02
   3.9617033e-02
   4.3724933e-02
   5.0143244e-02
   5.9546290e-02
   7.3017861e-02
   9.2284070e-02
   1.2012938e-01
   1.6116100e-01
   2.2327057e-01
   3.2057130e-01
   4.7966267e-01
   7.5398732e-01
   1.2597518e+00
   2.2762244e+00
   4.5683927e+00
   2.6633480e+00
   1.4447318e+00
   8.5446635e-01
   5.4173275e-01
   3.6470076e-01
   2.5968026e-01
   1.9568795e-01
   1.5674484e-01
   1.3433801e-01
   1.2400086e-01
   1.2372731e-01
   1.3330679e-01
   1.5423217e-01
   1.9012812e-01
   2.4789886e-01
   3.4018730e-01
   4.9059421e-01
   7.4528569e-01
   1.2007787e+00
   2.0771591e+00
   2.3403684e+00
   1.3281222e+00
   8.0964409e-01
   5.2198661e-01
   3.5204178e-01
   2.4641634e-01
   1.7796454e-01
   1.3202189e-01
   1.0025532e-01
   7.7722313e-02
   6.1381462e-02
   4.9300537e-02
   4.0217143e-02
   3.3285876e-02
   2.7928004e-02
   2.3739484e-02
   2.0433201e-02
   1.7801857e-02
   1.5693608e-02
   1.3995779e-02
   1.2623767e-02
   1.1513384e-02
   1.0615467e-02
   9.8920615e-03
   9.3136617e-03
   8.8572096e-03
   8.5046205e-03
   8.2416897e-03
   8.0572756e-03
   7.9426847e-03
   7.8912079e-03
   7.8977681e-03
   7.9586560e-03
   8.0713300e-03
   8.2342701e-03
   8.4468727e-03
   8.7093794e-03
   9.0228361e-03
   9.3890768e-03
   9.8107311e-03
   1.0291254e-02
   1.0834981e-02
   1.1447199e-02
   1.2134257e-02
   1.2903692e-02
   1.3764394e-02
   1.4726817e-02
   1.5803227e-02
   1.7008014e-02
   1.8358073e-02
   1.9873274e-02
   2.1577038e-02
   2.3497051e-02
   2.5666151e-02
   2.8123432e-02
   3.0915629e-02
   3.4098863e-02
   3.7740857e-02
   4.1923759e-02
   4.6747776e-02
   5.2335872e-02
   5.8839904e-02
   6.6448689e-02
   7.5398715e-02
   8.5988487e-02
   9.8597946e-02
   1.1371503e-01
   1.3197242e-01
   1.5419907e-01
   1.8149328e-01
   2.1532811e-01
   2.5770556e-01
   3.1138613e-01
   3.8023712e-01
   4.6977193e-01
   5.8800443e-01
   7.4683693e-01
   9.6437948e-01
   1.2689499e+00
   1.7062245e+00
   2.3525555e+00
   3.3409758e+00
   3.3982805e+00
   2.4085431e+00
   1.7687848e+00
   1.3434316e+00
   1.0551432e+00
   8.5811941e-01
   7.2449416e-01
   6.3709103e-01
   5.8544510e-01
   5.6359592e-01
   5.6890913e-01
   6.0156176e-01
   6.6453803e-01
   7.6412815e-01
   9.1106354e-01
   1.1226157e+00
   1.4263191e+00
   1.8666246e+00
   2.5171250e+00
   3.5039365e+00
   5.0526863e+00
   3.4911460e+00
   2.4911292e+00
   1.8265689e+00
   1.3708563e+00
   1.0498210e+00
   8.1830751e-01
   6.4789432e-01
   5.2016395e-01
   4.2287147e-01
   3.4768789e-01
   2.8883109e-01
   2.4221256e-01
   2.0489293e-01
   1.7472675e-01
   1.5012633e-01
   1.2990173e-01
   1.1315072e-01
   9.9181758e-02
   8.7459551e-02
   7.7565860e-02
   6.9171099e-02
   6.2013448e-02
   5.5883354e-02
   5.0611918e-02
   4.6062103e-02
   4.2122041e-02
   3.8699874e-02
   3.5719763e-02
   3.3118772e-02
   3.0844419e-02
   2.8852740e-02
   2.7106747e-02
   2.5575201e-02
   2.4231612e-02
   2.3053443e-02
   2.2021455e-02
   2.1119178e-02
   2.0332470e-02
   1.9649158e-02
   1.9058744e-02
   1.8552153e-02
   1.8121530e-02
   1.7760067e-02
   1.7461857e-02
   1.7221776e-02
   1.7035376e-02
   1.6898801e-02
   1.6808712e-02
   1.6762227e-02
   1.6756863e-02
   1.6790494e-02
   1.6861313e-02
   1.6967796e-02
   1.7108674e-02
   1.7282912e-02
   1.7489686e-02
   1.7728365e-02
   1.7998500e-02
   1.8299806e-02
   1.8632156e-02
   1.8995572e-02
   1.9390215e-02
   1.9816385e-02
   2.0274513e-02
   2.0765158e-02
   2.1289008e-02
   2.1846877e-02
   2.2439707e-02
   2.3068570e-02
   2.3734666e-02
   2.4439332e-02
   2.5184043e-02
   2.5970415e-02
   2.6800216e-02
   2.7675370e-02
   2.8597966e-02
   2.9570264e-02
   3.0594709e-02
   3.1673942e-02
   3.2810810e-02
   3.4008381e-02
   3.5269961e-02
   3.6599109e-02
   3.7999657e-02
   3.9475728e-02
   4.1031765e-02
   4.2672546e-02
   4.4403223e-02
   4.6229342e-02
   4.8156881e-02
   5.0192289e-02
   5.2342521e-02
   5.4615084e-02
   5.7018088e-02
   5.9560298e-02
   6.2251196e-02
   6.5101042e-02
   6.8120953e-02
   7.1322981e-02
   7.4720203e-02
   7.8326819e-02
   8.2158267e-02
   8.6231344e-02
   9.0564340e-02
   9.5177199e-02
   1.0009168e-01
   1.0533157e-01
   1.1092286e-01
   1.1689403e-01
   1.2327628e-01
   1.3010388e-01
   1.3741446e-01
   1.4524945e-01
   1.5365447e-01
   1.6267987e-01
   1.7238126e-01
   1.8282016e-01
   1.9406475e-01
   2.0619067e-01
   2.1928199e-01
   2.3343229e-01
   2.4874593e-01
   2.6533946e-01
   2.8334328e-01
   3.0290361e-01
   3.2418463e-01
   3.4737111e-01
   3.7267138e-01
   4.0032088e-01
   4.3058619e-01
   4.6376990e-01
   5.0021620e-01
   5.4031764e-01
   5.8452299e-01
   6.3334663e-01
   6.8737980e-01
   7.4730393e-01
   8.1390679e-01
   8.8810185e-01
   9.7095172e-01
   1.0636967e+00
   1.1677894e+00
   1.2849377e+00
   1.4171567e+00
   1.5668343e+00
   1.7368113e+00
   1.9304832e+00
   2.1519267e+00
   2.4060611e+00
   2.6988528e+00
   3.0375785e+00
   3.4311642e+00
   3.8906268e+00
   3.9917822e+00
   3.5181219e+00
   3.1128492e+00
   2.7644712e+00
   2.4636892e+00
   2.2029338e+00
   1.9760073e+00
   1.7778077e+00
   1.6041131e+00
   1.4514140e+00
   1.3167799e+00
   1.1977537e+00
   1.0922683e+00
   9.9857889e-01
   9.1520915e-01
   8.4090759e-01
   7.7461255e-01
   7.1542401e-01
   6.6258102e-01
   6.1544404e-01
   5.7348133e-01
   5.3625919e-01
   5.0343589e-01
   4.7475924e-01
   4.5006842e-01
   4.2930068e-01
   4.1250443e-01
   3.9986072e-01
   3.9171666e-01
   3.8863602e-01
   3.9147555e-01
   4.0150043e-01
   4.2056132e-01
   4.5136978e-01
   4.9793601e-01
   5.6628067e-01
   6.6562448e-01
   8.1043895e-01
   1.0241085e+00
   1.3457408e+00
   1.8434415e+00
   1.9130713e+00
   1.3715690e+00
   1.0171891e+00
   7.7682082e-01
   6.0866235e-01
   4.8778814e-01
   3.9878871e-01
   3.3183310e-01
   2.8047338e-01
   2.4037541e-01
   2.0856116e-01
   1.8294359e-01
   1.6203355e-01
   1.4475104e-01
   1.3030089e-01
   1.1808954e-01
   1.0766817e-01
   9.8693357e-02
   9.0899380e-02
   8.4078480e-02
   7.8066617e-02
   7.2733066e-02
   6.7972734e-02
   6.3700434e-02
   5.9846565e-02
   5.6353837e-02
   5.3174753e-02
   5.0269669e-02
   4.7605280e-02
   4.5153430e-02
   4.2890179e-02
   4.0795054e-02
   3.8850453e-02
   3.7041163e-02
   3.5353975e-02
   3.3777362e-02
   3.2301221e-02
   3.0916660e-02
   2.9615819e-02
   2.8391728e-02
   2.7238177e-02
   2.6149618e-02
   2.5121077e-02
   2.4148080e-02
   2.3226590e-02
   2.2352957e-02
   2.1523866e-02
   2.0736305e-02
   1.9987525e-02
   1.9275016e-02
   1.8596479e-02
   1.7949800e-02
   1.7333040e-02
   1.6744409e-02
   1.6182255e-02
   1.5645051e-02
   1.5131383e-02
   1.4639937e-02
   1.4169496e-02
   1.3718924e-02
   1.3287165e-02
   1.2873234e-02
   1.2476210e-02
   1.2095233e-02
   1.1729498e-02
   1.1378249e-02
   1.1040779e-02
   1.0716423e-02
   1.0404557e-02
   1.0104594e-02
   9.8159806e-03
   9.5381966e-03
   9.2707512e-03
   9.0131812e-03
   8.7650495e-03
   8.5259433e-03
   8.2954722e-03
   8.0732672e-03
   7.8589790e-03
   7.6522770e-03
   7.4528478e-03
   7.2603947e-03
   7.0746362e-03
   6.8953056e-03
   6.7221495e-03
   6.5549276e-03
   6.3934119e-03
   6.2373856e-03
   6.0866430e-03
   5.9409887e-03
   5.8002368e-03
   5.6642111e-03
   5.5327438e-03
   5.4056757e-03
   5.2828553e-03
   5.1641390e-03
   5.0493903e-03
   4.9384794e-03
   4.8312835e-03
   4.7276858e-03
   4.6275757e-03
   4.5308484e-03
   4.4374049e-03
   4.3471514e-03
   4.2599993e-03
   4.1758653e-03
   4.0946709e-03
   4.0163424e-03
   3.9408106e-03
   3.8680112e-03
   3.7978841e-03
   3.7303737e-03
   3.6654288e-03
   3.6030025e-03
   3.5430520e-03
   3.4855389e-03
   3.4304291e-03
   3.3776926e-03
   3.3273041e-03
   3.2792422e-03
   3.2334902e-03
   3.1900360e-03
   3.1488719e-03
   3.1099952e-03
   3.0734081e-03
   3.0391179e-03
   3.0071371e-03
   2.9774841e-03
   2.9501829e-03
   2.9252637e-03
   2.9027632e-03
   2.8827251e-03
   2.8652004e-03
   2.8502479e-03
   2.8379346e-03
   2.8283368e-03
   2.8215402e-03
   2.8176410e-03
   2.8167466e-03
   2.8189766e-03
   2.8244638e-03
   2.8333553e-03
   2.8458141e-03
   2.8620201e-03
   2.8821719e-03
   2.9064888e-03
   2.9352124e-03
   2.9686093e-03
   3.0069734e-03
   3.0506287e-03
   3.0999327e-03
   3.1552796e-03
   3.2171050e-03
   3.2858897e-03
   3.3621656e-03
   3.4465210e-03
   3.5396077e-03
   3.6421482e-03
   3.7549443e-03
   3.8788871e-03
   4.0149683e-03
   4.1642926e-03
   4.3280925e-03
   4.5077455e-03
   4.7047931e-03
   4.9209637e-03
   5.1581980e-03
   5.4186797e-03
   5.7048701e-03
   6.0195489e-03
   6.3658623e-03
   6.7473781e-03
   7.1681523e-03
   7.6328057e-03
   8.1466158e-03
   8.7156253e-03
   9.3467709e-03
   1.0048038e-02
   1.0828645e-02
   1.1699265e-02
   1.2672297e-02
   1.3762185e-02
   1.4985823e-02
   1.6363029e-02
   1.7917149e-02
   1.9675784e-02
   2.1671706e-02
   2.3943991e-02
   2.6539446e-02
   2.9514406e-02
   3.2937014e-02
   3.6890141e-02
   4.1475133e-02
   4.6816675e-02
   5.3069139e-02
   6.0424944e-02
   6.9125660e-02
   7.9476892e-02
   9.1868436e-02
   1.0680186e-01
   1.2492870e-01
   1.4710389e-01
   1.7446180e-01
   2.0852557e-01
   2.5136711e-01
   3.0584523e-01
   3.7596644e-01
   4.6744305e-01
   5.8857603e-01
   7.5168688e-01
   9.7550528e-01
   1.2892773e+00
   1.7400885e+00
   2.4064581e+00
   3.4247784e+00
   3.6895769e+00
   2.5760990e+00
   1.8527907e+00
   1.3664937e+00
   1.0298242e+00
   7.9078082e-01
   6.1727801e-01
   4.8888626e-01
   3.9223437e-01
   3.1835495e-01
   2.6110210e-01
   2.1618093e-01
   1.8053694e-01
   1.5196302e-01
   1.2884111e-01
   1.0996917e-01
   9.4443327e-02
   8.1576247e-02
   7.0839838e-02
   6.1824445e-02
   5.4209443e-02
   4.7741794e-02
   4.2220247e-02
   3.7483571e-02
   3.3401713e-02
   2.9869098e-02
   2.6799498e-02
   2.4122090e-02
   2.1778387e-02
   1.9719845e-02
   1.7905978e-02
   1.6302865e-02
   1.4881964e-02
   1.3619157e-02
   1.2493987e-02
   1.1489038e-02
   1.0589428e-02
   9.7823999e-03
   9.0569823e-03
   8.4037108e-03
   7.8143981e-03
   7.2819421e-03
   6.8001667e-03
   6.3636883e-03
   5.9678036e-03
   5.6083956e-03
   5.2818539e-03
   4.9850071e-03
   4.7150661e-03
   4.4695748e-03
   4.2463695e-03
   4.0435428e-03
   3.8594136e-03
   3.6925017e-03
   3.5415050e-03
   3.4052813e-03
   3.2828319e-03
   3.1732882e-03
   3.0759001e-03
   2.9900267e-03
   2.9151281e-03
   2.8507595e-03
   2.7965665e-03
   2.7522810e-03
   2.7177202e-03
   2.6927849e-03
   2.6774607e-03
   2.6718198e-03
   2.6760247e-03
   2.6903335e-03
   2.7151070e-03
   2.7508177e-03
   2.7980625e-03
   2.8575766e-03
   2.9302524e-03
   3.0171621e-03
   3.1195857e-03
   3.2390453e-03
   3.3773481e-03
   3.5366385e-03
   3.7194641e-03
   3.9288568e-03
   4.1684357e-03
   4.4425364e-03
   4.7563754e-03
   5.1162600e-03
   5.5298602e-03
   6.0065606e-03
   6.5579230e-03
   7.1982987e-03
   7.9456465e-03
   8.8226390e-03
   9.8581753e-03
   1.1089473e-02
   1.2565006e-02
   1.4348677e-02
   1.6525854e-02
   1.9212230e-02
   2.2567078e-02
   2.6813474e-02
   3.2269831e-02
   3.9400259e-02
   4.8897160e-02
   6.1820794e-02
   7.9843116e-02
   1.0569028e-01
   1.4398141e-01
   2.0290060e-01
   2.9773333e-01
   4.5889254e-01
   7.5176632e-01
   1.3313282e+00
   2.6144793e+00
   1.8205961e+00
   9.9525308e-01
   6.0413989e-01
   4.0294257e-01
   2.9455297e-01
   2.3612953e-01
   2.0736755e-01
   1.9832820e-01
   2.0436218e-01
   2.2390494e-01
   2.5758037e-01
   3.0801839e-01
   3.8020401e-01
   4.8241319e-01
   6.2802472e-01
   8.3886521e-01
   1.1514771e+00
   1.6293166e+00
   2.3877384e+00
   3.6484847e+00
   4.4652606e+00
   2.8597367e+00
   1.9159300e+00
   1.3319429e+00
   9.5506001e-01
   7.0313672e-01
   5.2967201e-01
   4.0718240e-01
   3.1881549e-01
   2.5390614e-01
   2.0551992e-01
   1.6904453e-01
   1.4135650e-01
   1.2031527e-01
   1.0445046e-01
   9.2767304e-02
   8.4628490e-02
   7.9689094e-02
   7.7874198e-02
   7.9398276e-02
   8.4836219e-02
   9.5271460e-02
   1.1257462e-01
   1.3992182e-01
   1.8278138e-01
   2.5087065e-01
   3.6225228e-01
   5.5249986e-01
   8.9695442e-01
   1.5705563e+00
   3.0310082e+00
   2.7827184e+00
   1.4584085e+00
   8.3771042e-01
   5.1581386e-01
   3.3544285e-01
   2.2799302e-01
   1.6072101e-01
   1.1683085e-01
   8.7182053e-02
   6.6548203e-02
   5.1812805e-02
   4.1049162e-02
   3.3028118e-02
   2.6943582e-02
   2.2253818e-02
   1.8586723e-02
   1.5681643e-02
   1.3352728e-02
   1.1465311e-02
   9.9203681e-03
   8.6440921e-03
   7.5807861e-03
   6.6879329e-03
   5.9327293e-03
   5.2896147e-03
   4.7384877e-03
   4.2634027e-03
   3.8516083e-03
   3.4928295e-03
   3.1787276e-03
   2.9024896e-03
   2.6585134e-03
   2.4421648e-03
   2.2495887e-03
   2.0775604e-03
   1.9233689e-03
   1.7847238e-03
   1.6596812e-03
   1.5465838e-03
   1.4440131e-03
   1.3507496e-03
   1.2657411e-03
   1.1880765e-03
   1.1169641e-03
   1.0517135e-03
   9.9172077e-04
   9.3645612e-04
   8.8545327e-04
   8.3830076e-04
   7.9463448e-04
   7.5413143e-04
   7.1650432e-04
   6.8149703e-04
   6.4888068e-04
   6.1845031e-04
   5.9002196e-04
   5.6343019e-04
   5.3852589e-04
   5.1517448e-04
   4.9325420e-04
   4.7265472e-04
   4.5327589e-04
   4.3502668e-04
   4.1782415e-04
   4.0159267e-04
   3.8626318e-04
   3.7177246e-04
   3.5806264e-04
   3.4508059e-04
   3.3277755e-04
   3.2110866e-04
   3.1003259e-04
   2.9951127e-04
   2.8950955e-04
   2.7999492e-04
   2.7093736e-04
   2.6230902e-04
   2.5408410e-04
   2.4623867e-04
   2.3875049e-04
   2.3159887e-04
   2.2476459e-04
   2.1822971e-04
   2.1197753e-04
   2.0599246e-04
   2.0025992e-04
   1.9476633e-04
   1.8949894e-04
   1.8444583e-04
   1.7959586e-04
   1.7493855e-04
   1.7046408e-04
   1.6616324e-04
   1.6202736e-04
   1.5804831e-04
   1.5421843e-04
   1.5053050e-04
   1.4697774e-04
   1.4355374e-04
   1.4025247e-04
   1.3706823e-04
   1.3399565e-04
   1.3102964e-04
   1.2816540e-04
   1.2539839e-04
   1.2272431e-04
   1.2013909e-04
   1.1763888e-04
   1.1522002e-04
   1.1287906e-04
   1.1061270e-04
   1.0841783e-04
   1.0629148e-04
   1.0423084e-04
   1.0223325e-04
   1.0029615e-04
   9.8417130e-05
   9.6593889e-05
   9.4824236e-05
   9.3106084e-05
   9.1437444e-05
   8.9816423e-05
   8.8241213e-05
   8.6710089e-05
   8.5221408e-05
   8.3773599e-05
   8.2365162e-05
   8.0994663e-05
   7.9660734e-05
   7.8362066e-05
   7.7097405e-05
   7.5865555e-05
   7.4665369e-05
   7.3495749e-05
   7.2355645e-05
   7.1244049e-05
   7.0159997e-05
   6.9102563e-05
   6.8070861e-05
   6.7064040e-05
   6.6081284e-05
   6.5121809e-05
   6.4184865e-05
   6.3269727e-05
   6.2375703e-05
   6.1502127e-05
   6.0648357e-05
   5.9813777e-05
   5.8997796e-05
   5.8199844e-05
   5.7419371e-05
   5.6655852e-05
   5.5908778e-05
   5.5177660e-05
   5.4462026e-05
   5.3761424e-05
   5.3075416e-05
   5.2403579e-05
   5.1745509e-05
   5.1100813e-05
   5.0469113e-05
   4.9850044e-05
   4.9243254e-05
   4.8648405e-05
   4.8065166e-05
   4.7493223e-05
   4.6932269e-05
   4.6382008e-05
   4.5842155e-05
   4.5312434e-05
   4.4792578e-05
   4.4282328e-05
   4.3781436e-05
   4.3289660e-05
   4.2806766e-05
   4.2332529e-05
   4.1866728e-05
   4.1409154e-05
   4.0959600e-05
   4.0517868e-05
   4.0083765e-05
   3.9657105e-05
   3.9237707e-05
   3.8825397e-05
   3.8420004e-05
   3.8021364e-05
   3.7629317e-05
   3.7243708e-05
   3.6864388e-05
   3.6491210e-05
   3.6124032e-05
   3.5762719e-05
   3.5407135e-05
   3.5057153e-05
   3.4712646e-05
