   9.2001447e-02
             NaN
   1.1795419e-01
             NaN
   2.5634634e-02
   7.3376149e-02
             NaN
             NaN
   6.1318201e-02
             NaN
  -1.0832857e-01
   6.5742608e-02
  -1.1756606e-02
   4.2320815e-02
             NaN
             NaN
  -8.5054403e-02
   7.0559814e-02
             NaN
  -8.1830264e-02
             NaN
             NaN
  -8.3829923e-02
             NaN
             NaN
             NaN
             NaN
   5.0832995e-02
             NaN
             NaN
             NaN
   8.9455169e-02
             NaN
   4.1839448e-02
             NaN
             NaN
   1.8718089e-01
   1.9060961e-01
             NaN
  -9.6298168e-03
   1.8008254e-01
             NaN
   2.9595996e-01
             NaN
   2.7601608e-01
   1.2659717e-01
   3.2574731e-01
             NaN
             NaN
             NaN
             NaN
   3.1180654e-01
             NaN
   2.2488572e-01
             NaN
   1.3218204e-01
             NaN
   3.1761666e-01
   1.1908716e-01
   1.0978947e-01
             NaN
   1.3145752e-01
   2.6664153e-01
  -7.1542074e-02
  -1.7598379e-02
  -2.1411929e-03
             NaN
             NaN
             NaN
   4.3583939e-02
   3.3701811e-03
             NaN
   2.8084670e-02
   1.0480861e-01
             NaN
  -6.0222681e-03
   1.9824395e-03
             NaN
  -7.9520864e-02
  -3.4590508e-02
  -3.5466526e-02
  -1.4951834e-01
   2.1975336e-02
  -2.1127697e-01
             NaN
  -2.5753377e-01
             NaN
             NaN
  -2.6698728e-01
   5.4912269e-02
             NaN
             NaN
   3.8548117e-01
             NaN
             NaN
   1.0462602e+00
             NaN
             NaN
             NaN
   1.1270668e+00
   9.4598385e-01
             NaN
   6.4166666e-01
             NaN
             NaN
             NaN
  -9.7062505e-02
   7.3907672e-02
  -2.7559608e-01
  -2.6221134e-01
             NaN
             NaN
  -2.7408163e-01
  -3.6673469e-02
             NaN
  -1.7519874e-02
  -1.1686329e-01
             NaN
   6.1355971e-02
             NaN
             NaN
             NaN
  -9.8073069e-02
             NaN
   9.4374554e-03
  -1.0686647e-01
  -8.6798323e-03
   5.9390073e-03
             NaN
  -1.6626409e-01
             NaN
   3.7255724e-02
             NaN
   1.7460435e-01
  -5.7254729e-03
             NaN
   7.9174280e-02
             NaN
             NaN
   1.0956385e-01
   1.0044924e-01
             NaN
   2.1305673e-01
   1.5501327e-01
             NaN
             NaN
   1.9002780e-01
   2.1950918e-01
             NaN
   1.2807720e-01
             NaN
             NaN
             NaN
             NaN
             NaN
             NaN
   3.8092529e-01
             NaN
             NaN
   4.3746690e-01
   3.5107401e-01
             NaN
             NaN
             NaN
   4.9233825e-01
             NaN
             NaN
   2.0805423e-01
   5.0524953e-01
   5.6189757e-01
             NaN
             NaN
             NaN
             NaN
             NaN
   5.5552859e-01
   2.8523083e-01
   3.4116088e-01
             NaN
   3.1788769e-01
             NaN
             NaN
   3.7277350e-01
   4.6088690e-01
             NaN
             NaN
   1.3999161e-01
             NaN
   2.9795401e-01
   2.3724964e-01
             NaN
             NaN
             NaN
             NaN
   1.9482250e-01
             NaN
   1.7279488e-01
             NaN
             NaN
   1.3894883e-01
