  -1.8653686e+01
  -1.8634417e+01
  -1.8613987e+01
  -1.8592337e+01
  -1.8569402e+01
  -1.8545116e+01
  -1.8519412e+01
  -1.8492216e+01
  -1.8463456e+01
  -1.8433053e+01
  -1.8400928e+01
  -1.8366997e+01
  -1.8331173e+01
  -1.8293368e+01
  -1.8253488e+01
  -1.8211437e+01
  -1.8167116e+01
  -1.8120422e+01
  -1.8071249e+01
  -1.8019488e+01
  -1.7965025e+01
  -1.7907743e+01
  -1.7847524e+01
  -1.7784243e+01
  -1.7717772e+01
  -1.7647982e+01
  -1.7574737e+01
  -1.7497901e+01
  -1.7417331e+01
  -1.7332882e+01
  -1.7244407e+01
  -1.7151753e+01
  -1.7054765e+01
  -1.6953284e+01
  -1.6847149e+01
  -1.6736195e+01
  -1.6620252e+01
  -1.6499151e+01
  -1.6372717e+01
  -1.6240773e+01
  -1.6103140e+01
  -1.5959636e+01
  -1.5810076e+01
  -1.5654275e+01
  -1.5492043e+01
  -1.5323190e+01
  -1.5147526e+01
  -1.4964856e+01
  -1.4774986e+01
  -1.4577721e+01
  -1.4372866e+01
  -1.4160224e+01
  -1.3939600e+01
  -1.3710798e+01
  -1.3473622e+01
  -1.3227879e+01
  -1.2973375e+01
  -1.2709919e+01
  -1.2437322e+01
  -1.2155397e+01
  -1.1863959e+01
  -1.1562828e+01
  -1.1251827e+01
  -1.0930782e+01
  -1.0599524e+01
  -1.0257890e+01
  -9.9057213e+00
  -9.5428649e+00
  -9.1691747e+00
  -8.7845115e+00
  -8.3887430e+00
  -7.9817450e+00
  -7.5634014e+00
  -7.1336051e+00
  -6.6922581e+00
  -6.2392725e+00
  -5.7745704e+00
  -5.2980848e+00
  -4.8097603e+00
  -4.3095529e+00
  -3.7974311e+00
  -3.2733762e+00
  -2.7373828e+00
  -2.1894592e+00
  -1.6296277e+00
  -1.0579256e+00
  -4.7440491e-01
   1.2086665e-01
   7.2780557e-01
   1.3463120e+00
   1.9762697e+00
   2.6175450e+00
   3.2699875e+00
   3.9334287e+00
   4.6076827e+00
   5.2925451e+00
   5.9877934e+00
   6.6931867e+00
   7.4084651e+00
   8.1333502e+00
   8.8675447e+00
   9.6107322e+00
   1.0362577e+01
   1.1122726e+01
   1.1890805e+01
   1.2666423e+01
   1.3449169e+01
   1.4238613e+01
   1.5034308e+01
   1.5835790e+01
   1.6642573e+01
   1.7454159e+01
   1.8270028e+01
   1.9089647e+01
   1.9912464e+01
   2.0737913e+01
   2.1565413e+01
   2.2394367e+01
   2.3224165e+01
   2.4054183e+01
   2.4883785e+01
   2.5712323e+01
   2.6539137e+01
   2.7363558e+01
   2.8184907e+01
   2.9002495e+01
   2.9815628e+01
   3.0623602e+01
   3.1425710e+01
   3.2221240e+01
   3.3009473e+01
   3.3789691e+01
   3.4561173e+01
   3.5323196e+01
   3.6075040e+01
   3.6815985e+01
   3.7545314e+01
   3.8262313e+01
   3.8966276e+01
   3.9656500e+01
   4.0332291e+01
   4.0992962e+01
   4.1637838e+01
   4.2266254e+01
   4.2877555e+01
   4.3471101e+01
   1.2551899e+01
   1.2829985e+01
   1.3098278e+01
   1.3356489e+01
   1.3604339e+01
   1.3841558e+01
   1.4067886e+01
   1.4283074e+01
   1.4486886e+01
   1.4679095e+01
   1.4859487e+01
   1.5027860e+01
   1.5184026e+01
   1.5327809e+01
   1.5459046e+01
   1.5577589e+01
   1.5683303e+01
   1.5776069e+01
   1.5855780e+01
   1.5922346e+01
   1.5975690e+01
   1.6015752e+01
   1.6042486e+01
   1.6055860e+01
   1.6055860e+01
   1.6042486e+01
   1.6015752e+01
   1.5975690e+01
   1.5922346e+01
   1.5855780e+01
   1.5776069e+01
   1.5683303e+01
   1.5577589e+01
   1.5459046e+01
   1.5327809e+01
   1.5184026e+01
   1.5027860e+01
   1.4859487e+01
   1.4679095e+01
   1.4486886e+01
   1.4283074e+01
   1.4067886e+01
   1.3841558e+01
   1.3604339e+01
   1.3356489e+01
   1.3098278e+01
   1.2829985e+01
   1.2551899e+01
   1.2264317e+01
   1.1967543e+01
   1.1661893e+01
   1.1347685e+01
   1.1025247e+01
   1.0694911e+01
   1.0357016e+01
   1.0011904e+01
   9.6599227e+00
   9.3014228e+00
   3.6815985e+01
   3.6075040e+01
   3.5323196e+01
   3.4561173e+01
   3.3789691e+01
   3.3009473e+01
   3.2221240e+01
   3.1425710e+01
   3.0623602e+01
   2.9815628e+01
   2.9002495e+01
   2.8184907e+01
   2.7363558e+01
   2.6539137e+01
   2.5712323e+01
   2.4883785e+01
   2.4054183e+01
   2.3224165e+01
   2.2394367e+01
   2.1565413e+01
   2.0737913e+01
   1.9912464e+01
   1.9089647e+01
   1.8270028e+01
   1.7454159e+01
   1.6642573e+01
   1.5835790e+01
   1.5034308e+01
   1.4238613e+01
   1.3449169e+01
   1.2666423e+01
   1.1890805e+01
   1.1122726e+01
   1.0362577e+01
   9.6107322e+00
   8.8675447e+00
   8.1333502e+00
   7.4084651e+00
   6.6931867e+00
   5.9877934e+00
   5.2925451e+00
   4.6076827e+00
   3.9334287e+00
   3.2699875e+00
   2.6175450e+00
   1.9762697e+00
   1.3463120e+00
   7.2780557e-01
   1.2086665e-01
  -4.7440491e-01
  -1.0579256e+00
  -1.6296277e+00
  -2.1894592e+00
  -2.7373828e+00
  -3.2733762e+00
  -3.7974311e+00
  -4.3095529e+00
  -4.8097603e+00
  -5.2980848e+00
  -5.7745704e+00
  -6.2392725e+00
  -6.6922581e+00
  -7.1336051e+00
  -7.5634014e+00
  -7.9817450e+00
  -8.3887430e+00
  -8.7845115e+00
  -9.1691747e+00
  -9.5428649e+00
  -9.9057213e+00
  -1.0257890e+01
  -1.0599524e+01
  -1.0930782e+01
  -1.1251827e+01
  -1.1562828e+01
  -1.1863959e+01
  -1.2155397e+01
  -1.2437322e+01
  -1.2709919e+01
  -1.2973375e+01
  -1.3227879e+01
  -1.3473622e+01
  -1.3710798e+01
  -1.3939600e+01
  -1.4160224e+01
  -1.4372866e+01
  -1.4577721e+01
  -1.4774986e+01
  -1.4964856e+01
  -1.5147526e+01
  -1.5323190e+01
  -1.5492043e+01
  -1.5654275e+01
  -1.5810076e+01
  -1.5959636e+01
  -1.6103140e+01
  -1.6240773e+01
  -1.6372717e+01
  -1.6499151e+01
  -1.6620252e+01
  -1.6736195e+01
  -1.6847149e+01
  -1.6953284e+01
  -1.7054765e+01
  -1.7151753e+01
  -1.7244407e+01
  -1.7332882e+01
  -1.7417331e+01
  -1.7497901e+01
  -1.7574737e+01
  -1.7647982e+01
  -1.7717772e+01
  -1.7784243e+01
  -1.7847524e+01
  -1.7907743e+01
  -1.7965025e+01
  -1.8019488e+01
  -1.8071249e+01
  -1.8120422e+01
  -1.8167116e+01
  -1.8211437e+01
  -1.8253488e+01
  -1.8293368e+01
  -1.8331173e+01
  -1.8366997e+01
  -1.8400928e+01
  -1.8433053e+01
  -1.8463456e+01
  -1.8492216e+01
  -1.8519412e+01
  -1.8545116e+01
  -1.8569402e+01
  -1.8592337e+01
  -1.8613987e+01
  -1.8634417e+01
  -1.8653686e+01
  -1.8671854e+01
  -1.8326991e+01
  -1.8302380e+01
  -1.8276420e+01
  -1.8249028e+01
  -1.8220115e+01
  -1.8189584e+01
  -1.8157330e+01
  -1.8123242e+01
  -1.8087197e+01
  -1.8049063e+01
  -1.8008700e+01
  -1.7965952e+01
  -1.7920654e+01
  -1.7872623e+01
  -1.7821665e+01
  -1.7767566e+01
  -1.7710094e+01
  -1.7648998e+01
  -1.7584003e+01
  -1.7514810e+01
  -1.7441093e+01
  -1.7362494e+01
  -1.7278625e+01
  -1.7189058e+01
  -1.7093324e+01
  -1.6990910e+01
  -1.6881251e+01
  -1.6763726e+01
  -1.6637651e+01
  -1.6502270e+01
  -1.6356749e+01
  -1.6200165e+01
  -1.6031497e+01
  -1.5849608e+01
  -1.5653238e+01
  -1.5440984e+01
  -1.5211279e+01
  -1.4962376e+01
  -1.4692319e+01
  -1.4398914e+01
  -1.4079698e+01
  -1.3731901e+01
  -1.3352397e+01
  -1.2937655e+01
  -1.2483675e+01
  -1.1985919e+01
  -1.1439225e+01
  -1.0837703e+01
  -1.0174623e+01
  -9.4422684e+00
  -8.6317710e+00
  -7.7329090e+00
  -6.7338661e+00
  -5.6209402e+00
  -4.3781921e+00
  -2.9870177e+00
  -1.4256265e+00
   3.3159743e-01
   2.3148829e+00
   4.5600459e+00
   7.1097014e+00
   1.0014779e+01
   1.3336432e+01
   1.7148448e+01
   2.1540324e+01
   2.6621210e+01
   3.2524995e+01
   3.9416935e+01
   4.0934265e+01
   3.3829360e+01
   2.7750271e+01
   2.2524600e+01
   1.8012870e+01
   1.4101539e+01
   1.0697642e+01
   7.7246469e+00
   5.1192288e+00
   2.8287428e+00
   8.0923015e-01
  -9.7616263e-01
  -2.5584437e+00
  -3.9637845e+00
  -5.2143306e+00
  -6.3288541e+00
  -7.3232797e+00
  -8.2111078e+00
  -9.0037526e+00
  -9.7108072e+00
  -1.0340248e+01
  -1.0898580e+01
  -1.1390930e+01
  -1.1821079e+01
  -1.2191442e+01
  -1.2502958e+01
  -1.2754901e+01
  -1.2944557e+01
  -1.3066718e+01
  -1.3112928e+01
  -1.3070335e+01
  -1.2919961e+01
  -1.2634048e+01
  -1.2171921e+01
  -1.1473428e+01
  -1.0448258e+01
  -8.9581007e+00
  -6.7858836e+00
  -3.5808411e+00
   1.2436443e+00
   8.7091550e+00
   9.7536013e+00
   1.6310665e+00
  -3.6846319e+00
  -7.2901556e+00
  -9.8125326e+00
  -1.1625646e+01
  -1.2960637e+01
  -1.3964971e+01
  -1.4735367e+01
  -1.5336837e+01
  -1.5814051e+01
  -1.6198314e+01
  -1.6511965e+01
  -1.6771202e+01
  -1.6987954e+01
  -1.7171125e+01
  -1.7327445e+01
  -1.7462068e+01
  -1.7578977e+01
  -1.7681291e+01
  -1.7771469e+01
  -1.7851472e+01
  -1.7922877e+01
  -1.7986961e+01
  -1.8044769e+01
  -1.8097160e+01
  -1.8144847e+01
  -1.8188423e+01
  -1.8228389e+01
  -1.8265166e+01
  -1.8299115e+01
  -1.8330542e+01
  -1.8359711e+01
  -1.8386850e+01
  -1.8412158e+01
  -1.8435807e+01
  -1.8457950e+01
  -1.8478718e+01
  -1.8498231e+01
  -1.8516592e+01
  -1.8533895e+01
  -1.8550224e+01
  -1.8565652e+01
  -1.8580247e+01
  -1.8594069e+01
  -1.8607174e+01
  -1.8619610e+01
  -1.8631423e+01
  -1.8642655e+01
  -1.8653343e+01
  -1.8663521e+01
  -1.8673221e+01
  -1.8682472e+01
  -1.8691302e+01
  -1.8699734e+01
  -1.8707792e+01
  -1.8715497e+01
  -1.8722869e+01
  -1.8729925e+01
  -1.8736684e+01
  -1.8743160e+01
  -1.8749369e+01
  -1.7894284e+01
  -1.7843779e+01
  -1.7790840e+01
  -1.7735350e+01
  -1.7677187e+01
  -1.7616221e+01
  -1.7552318e+01
  -1.7485335e+01
  -1.7415125e+01
  -1.7341532e+01
  -1.7264393e+01
  -1.7183538e+01
  -1.7098786e+01
  -1.7009950e+01
  -1.6916835e+01
  -1.6819232e+01
  -1.6716927e+01
  -1.6609692e+01
  -1.6497291e+01
  -1.6379473e+01
  -1.6255978e+01
  -1.6126534e+01
  -1.5990852e+01
  -1.5848632e+01
  -1.5699559e+01
  -1.5543304e+01
  -1.5379520e+01
  -1.5207844e+01
  -1.5027896e+01
  -1.4839278e+01
  -1.4641571e+01
  -1.4434338e+01
  -1.4217120e+01
  -1.3989435e+01
  -1.3750780e+01
  -1.3500626e+01
  -1.3238418e+01
  -1.2963576e+01
  -1.2675491e+01
  -1.2373525e+01
  -1.2057009e+01
  -1.1725242e+01
  -1.1377490e+01
  -1.1012982e+01
  -1.0630910e+01
  -1.0230429e+01
  -9.8106508e+00
  -9.3706463e+00
  -8.9094409e+00
  -8.4260129e+00
  -7.9192915e+00
  -7.3881545e+00
  -6.8314253e+00
  -6.2478709e+00
  -5.6361987e+00
  -4.9950539e+00
  -4.3230164e+00
  -3.6185976e+00
  -2.8802374e+00
  -2.1063002e+00
  -1.2950720e+00
  -4.4475573e-01
   4.4653184e-01
   1.3807649e+00
   2.3600128e+00
   3.3864443e+00
   4.4623332e+00
   5.5900623e+00
   6.7721295e+00
   8.0111530e+00
   9.3098773e+00
   1.0671179e+01
   1.2098073e+01
   1.3593720e+01
   1.5161433e+01
   1.6804684e+01
   1.8527112e+01
   2.0332534e+01
   2.2224948e+01
   2.4208545e+01
   2.6287719e+01
   2.8467075e+01
   3.0751440e+01
   3.3145875e+01
   3.5655682e+01
   3.5655682e+01
   3.3145875e+01
   3.0751440e+01
   2.8467075e+01
   2.6287719e+01
   2.4208545e+01
   2.2224948e+01
   2.0332534e+01
   1.8527112e+01
   1.6804684e+01
   1.5161433e+01
   1.3593720e+01
   1.2098073e+01
   1.0671179e+01
   9.3098773e+00
   8.0111530e+00
   6.7721295e+00
   5.5900623e+00
   4.4623332e+00
   3.3864443e+00
   2.3600128e+00
   1.3807649e+00
   4.4653184e-01
  -4.4475573e-01
  -1.2950720e+00
  -2.1063002e+00
  -2.8802374e+00
  -3.6185976e+00
  -4.3230164e+00
  -4.9950539e+00
  -5.6361987e+00
  -6.2478709e+00
  -6.8314253e+00
  -7.3881545e+00
  -7.9192915e+00
  -8.4260129e+00
  -8.9094409e+00
  -9.3706463e+00
  -9.8106508e+00
  -1.0230429e+01
  -1.0630910e+01
  -1.1012982e+01
  -1.1377490e+01
  -1.1725242e+01
  -1.2057009e+01
  -1.2373525e+01
  -1.2675491e+01
  -1.2963576e+01
  -1.3238418e+01
  -1.3500626e+01
  -1.3750780e+01
  -1.3989435e+01
  -1.4217120e+01
  -1.4434338e+01
  -1.4641571e+01
  -1.4839278e+01
  -1.5027896e+01
  -1.5207844e+01
  -1.5379520e+01
  -1.5543304e+01
  -1.5699559e+01
  -1.5848632e+01
  -1.5990852e+01
  -1.6126534e+01
  -1.6255978e+01
  -1.6379473e+01
  -1.6497291e+01
  -1.6609692e+01
  -1.6716927e+01
  -1.6819232e+01
  -1.6916835e+01
  -1.7009950e+01
  -1.7098786e+01
  -1.7183538e+01
  -1.7264393e+01
  -1.7341532e+01
  -1.7415125e+01
  -1.7485335e+01
  -1.7552318e+01
  -1.7616221e+01
  -1.7677187e+01
  -1.7735350e+01
  -1.7790840e+01
  -1.7843779e+01
  -1.7894284e+01
  -1.8942468e+01
  -1.8942468e+01
  -1.8942468e+01
  -1.8942468e+01
  -1.8942468e+01
  -1.8942468e+01
  -1.8942468e+01
  -1.8942468e+01
  -1.8942468e+01
  -1.8942468e+01
  -1.8942468e+01
  -1.8942468e+01
  -1.8942468e+01
  -1.8942468e+01
  -1.8942468e+01
  -1.8942468e+01
  -1.8942468e+01
  -1.8942468e+01
  -1.8942468e+01
  -1.8942468e+01
  -1.8942468e+01
  -1.8942468e+01
  -1.8942468e+01
  -1.8942468e+01
  -1.8942468e+01
  -1.8942468e+01
  -1.8942468e+01
  -1.8942468e+01
  -1.8942468e+01
  -1.8942468e+01
  -1.8942468e+01
  -1.8942468e+01
  -1.8942468e+01
  -1.8942468e+01
  -1.8942468e+01
  -1.8942468e+01
  -1.8942468e+01
  -1.8942468e+01
  -1.8942468e+01
  -1.8942468e+01
  -1.8942468e+01
  -1.8942468e+01
  -1.8942468e+01
  -1.8942468e+01
  -1.8942468e+01
  -1.8942468e+01
  -1.8942468e+01
  -1.8942468e+01
  -1.8942468e+01
  -1.8942468e+01
  -1.8942468e+01
   6.0575321e+00
   6.0575321e+00
   6.0575321e+00
   6.0575321e+00
   6.0575321e+00
   6.0575321e+00
   6.0575321e+00
   6.0575321e+00
   6.0575321e+00
   6.0575321e+00
   6.0575321e+00
   6.0575321e+00
   6.0575321e+00
   6.0575321e+00
   6.0575321e+00
   6.0575321e+00
   6.0575321e+00
   6.0575321e+00
   6.0575321e+00
   6.0575321e+00
   6.0575321e+00
   6.0575321e+00
   6.0575321e+00
   6.0575321e+00
   6.0575321e+00
   6.0575321e+00
   6.0575321e+00
   6.0575321e+00
   6.0575321e+00
   6.0575321e+00
   6.0575321e+00
   6.0575321e+00
   6.0575321e+00
   6.0575321e+00
   6.0575321e+00
   6.0575321e+00
   6.0575321e+00
   6.0575321e+00
   6.0575321e+00
   6.0575321e+00
   6.0575321e+00
   6.0575321e+00
   6.0575321e+00
   6.0575321e+00
   6.0575321e+00
   6.0575321e+00
   6.0575321e+00
   6.0575321e+00
   6.0575321e+00
   6.0575321e+00
   6.0575321e+00
   6.0575321e+00
   6.0575321e+00
   6.0575321e+00
   6.0575321e+00
   6.0575321e+00
   6.0575321e+00
   6.0575321e+00
   6.0575321e+00
   6.0575321e+00
   6.0575321e+00
   6.0575321e+00
   6.0575321e+00
   6.0575321e+00
   6.0575321e+00
   6.0575321e+00
   6.0575321e+00
   6.0575321e+00
   6.0575321e+00
   6.0575321e+00
   6.0575321e+00
   6.0575321e+00
   6.0575321e+00
   6.0575321e+00
   6.0575321e+00
   6.0575321e+00
   6.0575321e+00
   6.0575321e+00
   6.0575321e+00
   6.0575321e+00
   6.0575321e+00
   6.0575321e+00
   6.0575321e+00
   6.0575321e+00
   6.0575321e+00
   6.0575321e+00
   6.0575321e+00
   6.0575321e+00
   6.0575321e+00
   6.0575321e+00
   6.0575321e+00
   6.0575321e+00
   6.0575321e+00
   6.0575321e+00
   6.0575321e+00
   6.0575321e+00
   6.0575321e+00
   6.0575321e+00
   6.0575321e+00
   6.0575321e+00
   6.0575321e+00
   6.0575321e+00
   3.4627906e+01
   3.4599359e+01
   3.4570018e+01
   3.4539863e+01
   3.4508870e+01
   3.4477016e+01
   3.4444277e+01
   3.4410629e+01
   3.4376047e+01
   3.4340503e+01
   3.4303973e+01
   3.4266428e+01
   3.4227840e+01
   3.4188180e+01
   3.4147419e+01
   3.4105525e+01
   3.4062468e+01
   3.4018215e+01
   3.3972733e+01
   3.3925987e+01
   3.3877943e+01
   3.3828564e+01
   3.3777814e+01
   3.3725655e+01
   3.3672046e+01
   3.3616949e+01
   3.3560321e+01
   3.3502120e+01
   3.3442303e+01
   3.3380824e+01
   3.3317637e+01
   3.3252696e+01
   3.3185950e+01
   3.3117351e+01
   3.3046846e+01
   3.2974383e+01
   3.2899907e+01
   3.2823363e+01
   3.2744692e+01
   3.2663837e+01
   3.2580735e+01
   3.2495325e+01
   3.2407543e+01
   3.2317323e+01
   3.2224597e+01
   3.2129295e+01
   3.2031346e+01
   3.1930676e+01
   3.1827210e+01
   3.1720870e+01
   3.1611577e+01
   3.1499248e+01
   3.1383799e+01
   3.1265143e+01
   3.1143191e+01
   3.1017852e+01
   3.0889032e+01
   3.0756633e+01
   3.0620557e+01
   3.0480701e+01
   3.0336961e+01
   3.0189228e+01
   3.0037392e+01
   2.9881338e+01
   2.9720950e+01
   2.9556107e+01
   2.9386685e+01
   2.9212557e+01
   2.9033593e+01
   2.8849657e+01
   2.8660613e+01
   2.8466318e+01
   2.8266626e+01
   2.8061387e+01
   2.7850448e+01
   2.7633650e+01
   2.7410830e+01
   2.7181821e+01
   2.6946451e+01
   2.6704543e+01
   2.6455916e+01
   2.6200383e+01
   2.5937752e+01
   2.5667827e+01
   2.5390404e+01
   2.5105276e+01
   2.4812227e+01
   2.4511039e+01
   2.4201486e+01
   2.3883334e+01
   2.3556345e+01
   2.3220273e+01
   2.2874867e+01
   2.2519867e+01
   2.2155007e+01
   2.1780012e+01
   2.1394601e+01
   2.0998485e+01
   2.0591366e+01
   2.0172939e+01
   1.9742891e+01
   1.9300897e+01
   1.8846626e+01
   1.8379737e+01
   1.7899880e+01
   1.7406695e+01
   1.6899811e+01
   1.6378847e+01
   1.5843414e+01
   1.5293108e+01
   1.4727516e+01
   1.4146215e+01
   1.3548768e+01
   1.2934726e+01
   1.2303628e+01
   1.1655001e+01
   1.0988358e+01
   1.0303198e+01
   9.5990071e+00
   8.8752565e+00
   8.1314030e+00
   7.3668881e+00
   6.5811381e+00
   5.7735631e+00
   4.9435569e+00
   4.0904964e+00
   3.2137413e+00
   2.3126334e+00
   1.3864964e+00
   4.3463492e-01
  -5.4366546e-01
  -1.5491391e+00
  -2.5825408e+00
  -3.6446464e+00
  -4.7362529e+00
  -5.8581800e+00
  -7.0112697e+00
  -8.1963876e+00
  -9.4144234e+00
  -1.0666291e+01
  -1.1952931e+01
  -1.3275309e+01
  -1.4634417e+01
  -1.6031276e+01
  -1.7466933e+01
  -1.8942468e+01
  -1.8942468e+01
  -1.8942468e+01
  -1.8942468e+01
  -1.8942468e+01
  -1.8942468e+01
  -1.8942468e+01
  -1.8942468e+01
  -1.8942468e+01
  -1.8942468e+01
  -1.8942468e+01
  -1.8942468e+01
  -1.8942468e+01
  -1.8942468e+01
  -1.8942468e+01
  -1.8942468e+01
  -1.8942468e+01
  -1.8942468e+01
  -1.8942468e+01
  -1.8942468e+01
  -1.8942468e+01
  -1.8942468e+01
  -1.8942468e+01
  -1.8942468e+01
  -1.8942468e+01
  -1.8942468e+01
  -1.8942468e+01
  -1.8942468e+01
  -1.8942468e+01
  -1.8942468e+01
  -1.8942468e+01
  -1.8942468e+01
  -1.8942468e+01
  -1.8942468e+01
  -1.8942468e+01
  -1.8942468e+01
  -1.8942468e+01
  -1.8942468e+01
  -1.8942468e+01
  -1.8942468e+01
  -1.8592337e+01
  -1.8613987e+01
  -1.8634417e+01
  -1.8653686e+01
